t <- c(1:100, by=0.5)
